10089089
24215858
9398110
21434379
22670827
20056901
24534682
16957425
2015394
10172265
25074072
15948916
25149412
24237999
8297739
2177746
12233987
11819768
23065117
19544653
11213870
19995250
2973215
605912
19330795
23483320
12956656
16503545
24799074
1396108
20851499
14661011
9894936
24070810
21416590
18054932
18328868
14984440
11253439
19661796
19001830
9507846
2768768
25279666
24147543
26725450
24213956
12576957
16266472
10992833
12443948
17290062
17244100
21859193
12198659
10901647
15937908
8942899
10934908
3056498
19491859
2544249
16181530
11413274
16435344
18512510
20973459
24898574
17985004
21288666
12531809
20204691
20673485
10568568
12900807
8928893
14627879
10703628
15764256
2788816
15172423
21802739
2074057
19035420
25542821
15987536
15356085
21207788
8473426
15829494
17179873
15572491
24085050
7944932
24763663
25589191
16199793
19779611
17700649
12462350
4154124
18320520
11378833
6958487
22459310
2454375
3544187
7528271
8129324
24673076
6756508
7650233
19282350
7006663
12614412
9393422
20865678
2248073
10448447
15249792
11064610
21410033
3116609
7036084
24408892
20069077
18337049
20356587
17414940
21938889
16480401
862429
22721596
19606510
27025129
22578685
17198705
8133853
8667967
23066765
11334068
25629971
25070364
23578065
15477492
22377512
1515255
11981066
11284463
26317618
21072224
10525558
23893101
15492353
24402830
25294011
12614707
19081412
3550340
20815045
14605954
7595712
6360688
16214437
8179165
25195982
15383046
8852235
12810472
6751144
12676060
15845130
23477890
7966066
20189663
17387189
22092941
10402369
24505318
3081148
19638081
23525780
24738609
12143780
15701493
24785600
22595172
21975231
19545929
7047002
1516345
23017624
19365397
9099448
20526599
25053766
12485538
2035777
10224577
19435491
22160347
17259154
9403746
15224298
19159477
7743697
8331682
19526613
23102530
22092038
20028938
21902704
20638818
11411192
15914128
7712308
15994014
25572620
17366257
22330261
16889080
23688137
11384820
1302807
7673658
12541005
16740812
1319876
25197765
24737062
24325899
25612845
24035299
8453557
6850464
10720081
21385365
24708422
25887586
24915013
23280086
10758987
16399263
19487623
11743411
14519754
22134468
9735531
9322152
22080777
21822764
7643653
11860915
8614420
23768813
11207836
8636370
8169405
15312096
26388532
20152559
1119679
20089562
24164087
23021898
24104513
20390261
15131557
15302308
16472720
18353086
2682347
10811665
8255984
25265769
19516150
18837418
11751780
17974096
22628369
18845704
16354710
14711190
19798489
3895875
21595978
18077065
23952897
24550145
19232615
1631861
1364154
24336330
20447037
24335055
11595000
18390022
16714498
22278094
1592650
10807619
8411891
7936677
22638779
6111083
10593347
16882628
18523583
22696144
1854617
17365975
21054362
12270325
9778067
25542620
23547660
11485124
19278832
22146934
9895371
16505756
12406050
20486905
21118369
19153828
21833823
18040663
2108990
24637941
20494434
12748567
17868242
25471330
23862237
6624525
17767200
17426001
20884344
20090434
26053242
15642753
10963640
14578078
9180065
10870534
24451146
22917554
26173631
23021480
10997806
20201661
23104617
24107284
2146389
16920077
25450124
25294277
12108617
792738
20048611
10871578
21636141
24988121
9495616
16864164
17959585
10939601
26510263
17574073
21425723
15169706
17968030
8467027
15914517
15564950
7726441
16919138
3139179
11004058
9322632
10683506
16719652
8570776
3447334
9777717
14998846
653534
16335132
8595286
1457622
1742482
12031821
22480794
25526832
16109116
9076205
19620953
23812661
21600592
8964113
22306962
1683365
18618513
16950955
7955250
17297323
1573044
17519714
1778354
7774537
22421496
24824660
26036646
12602669
6113821
24101715
6455048
15528779
22118062
22723176
12614193
16908870
1977089
22728026
10077140
3690941
24309381
26153884
20332358
8722072
11804430
12356631
20806998
10052279
23944980
26002536
10707032
25437533
9351400
17324094
24467617
23292082
15101027
8831332
17662102
16299669
11378004
17942872
22926008
23361389
23811316
23128568
8908106
23337964
8779018
11789002
17691581
16859579
24101716
19817753
12636954
17972479
16567604
19926166
15317925
16797292
18298579
3315991
25432493
25029834
24934732
11752031
24200220
7488285
11108177
21458811
9101947
2521868
4004503
17505452
14649341
25552279
872859
26678641
25526101
9235679
43164
22690882
25568383
1449552
8507025
8885803
25449737
3741313
25225951
12085177
15154956
19436938
22129897
9818888
10385063
3962622
22616853
21204103
25744288
19508318
24913600
21402409
21300377
8582461
17051443
25296247
10726430
22777592
23065684
25760553
14749563
7481533
3739807
14626750
22244705
21665462
19622708
16890144
23104718
22513516
8644688
20603436
24679061
8126502
24840596
17947724
9553664
14622630
18672629
6633131
17849093
21098003
12356338
3287999
26156941
8689462
25691677
25262168
7963648
18339093
20657150
7964693
25797097
8463520
7298122
10808042
15956086
2576261
4157501
2204661
10599355
22185349
20726255
9172668
20513659
3541602
3535021
21800222
9174876
9652561
20058059
8828933
19621686
11157143
9799143
2663585
3189201
8709689
15377466
11701433
18362489
11867842
20831671
19242343
8801151
1862788
23590124
22838229
1451242
24488157
19657698
17997772
16855475
20952020
24225126
8159300
17505437
24930179
2663834
9196141
16772581
23405154
2105256
22692116
16097539
15492789
21183747
21669583
16030275
21667200
23001240
23611569
20122038
12459663
11838820
7889896
16704894
8428787
17133499
1860302
22834767
9572066
16731138
1350581
3089263
21998264
10643677
16381993
9796041
18166533
15965311
12370849
17513813
18278302
17477785
9697788
23942329
10361648
11297722
16198776
8708224
21929716
17069543
3307414
12951131
24437202
21660428
18855271
23532629
19103729
8986845
8521712
8268649
23076431
21188521
1370735
2975949
8238214
526820
24338168
1927197
10618526
20020319
19590075
25577772
9788422
26449882
23909380
8210973
6151482
24330473
11045790
9648960
21355149
24915929
16173223
7707405
26052790
9665186
16483029
10390407
16571852
18067498
21705084
23224592
20023215
19127003
8227803
7906128
23588127
7891203
15374792
22537359
8123267
15523323
17123125
25246693
23778526
8655422
18249478
14736356
1562431
9546119
23749007
23404659
22092536
19951297
8712112
8838389
24965333
24716680
12084138
17014731
9006472
22348801
184069
12241713
3278798
20031809
23888359
25256627
11021553
10665129
26609668
10439497
16757200
9581739
6992570
19459553
19801029
18273636
11015817
1835619
18717174
2690913
23127292
15688961
9405728
11196396
24730708
25311217
8823584
12559222
12932301
2139523
1799151
15223738
20924261
18824288
11098982
21860188
17471343
15053783
17152183
20934759
22320409
20087785
11579299
20338811
19512937
2192405
1815520
25314063
12793516
6148879
20460711
22434360
11191952
7923916
15749735
24327720
18248651
15746053
3098341
6367857
20440639
24384538
18802161
17207470
8561059
22583635
18633049
4404700
20937044
17410213
8161002
21120480
17341994
24830566
25346345
3236940
7211918
24637998
15916851
24635110
7840362
8115195
24961537
25842725
20598044
15274670
7755996
10607234
18376682
7037697
1960378
2943781
21243370
22151477
19139601
25015354
21767149
12204666
16963850
16208798
14970775
26224825
8866262
24886549
25264862
16311751
18946011
7608035
23621350
7969211
8628584
2577555
26214440
19968048
21429223
18184678
19968217
25923852
17302075
6350412
6849742
2405223
21690083
16014845
12058842
347921
2860373
20167900
1707797
3307623
22324448
17623816
10632537
17393618
23857884
22588803
25017958
21193295
8712092
11888754
17721955
24559095
20536364
15486373
24666361
21047593
12073766
19772883
12243889
11315533
22951426
16824797
6740101
8787889
24898318
1878735
24771618
21220480
14596755
12876177
20635521
16981667
25287262
8403942
3885865
15196300
16824559
18948032
16911649
23820434
23514246
9076457
18328090
19199847
19357315
9932558
12110494
23806094
8964729
22631032
18795522
26665290
9833745
9562733
16806442
18957616
19480863
15264973
15940774
1884668
10100592
1670445
8333941
17901881
23436524
15220012
20203546
11932879
21115906
17909199
3812946
17961835
22512510
25810108
20940688
15304592
19243606
11034038
2076713
11446476
7505498
11570966
8957368
10352397
15523393
18208642
3516395
2285871
21664059
19023654
15141043
6134180
3960619
8077143
10781855
11077389
8960488
24391123
26902035
10649829
18626761
12135593
12080735
17983307
23061531
7820060
16329017
18561117
8275903
17525360
19861631
8707361
15817848
21869698
8450514
15689804
8770026
24610180
10759619
15735119
8930174
21575130
380614
17432640
4187541
18953651
24564346
21042930
6182816
10986363
3549874
23135337
24557758
11476129
16027809
7200736
20084587
16712638
9842079
8279616
10374155
16879331
21171314
24626980
15965438
11029345
10969304
10148879
3183852
14567804
8296409
341733
25122693
3608343
19958945
20839989
18051010
9428861
20203165
1610994
16378639
20646286
22414202
25086152
21599896
4623522
9950438
23104956
15307010
7011331
7888291
16238797
9777899
19066101
6119875
18322606
11074150
7831456
9023640
6423162
15930233
10832773
2085344
11683484
2382949
19701647
12630606
2205798
24375082
10706930
9048274
16904652
17316832
9182738
12199005
10225743
11824175
10971307
6482920
15877748
25530107
6729651
19144729
1584260
19682342
15193471
17194950
21720441
19106322
11876893
8980774
25953148
20587582
25865294
17201540
8434135
7554709
24435893
18794865
3430295
24958585
8363113
22079053
1999025
384574
15973098
3220672
20054544
7492424
9395031
17516971
15473502
24817216
16907931
20538165
22968615
25179065
20304413
2653041
19135077
8383874
10637238
19672771
9366821
3341795
11056593
1640362
22007005
22709747
3594511
9676408
1682643
7044324
12169964
14650863
7005474
15538933
9301391
16232016
17035531
10379020
21618513
2648816
6753858
23699515
18062520
14599236
25898050
3732715
9683400
17880325
7739439
6365881
23690414
20560900
26204331
20228284
19109542
16326121
23975885
15848979
19148734
19022794
16840576
11454840
16784930
20357382
16855426
8210831
3337028
19176440
701664
9007148
21967909
21287255
19833962
21097567
23880333
10814606
25252600
10860330
10550137
16393740
2990708
6841763
3103932
3900301
9330779
11140546
15810908
19646778
16413892
21189767
14616151
5052446
15769967
19852790
17322624
22920273
1889248
17174704
23432894
20378181
19346279
1697487
17178774
375690
20647483
23782653
10735838
2188165
8018457
26035186
26529471
20491838
24740733
18429536
22735897
20038728
10557909
23020253
16095766
10213554
3287907
88754
17482439
19207781
24004700
21206549
12616671
23782128
11779598
7007454
6938012
3886510
16495253
24928832
18242415
8877260
15358441
18029492
8374255
15652441
17625432
6839001
8101194
20530957
26315981
1710660
23246790
22419350
21262119
25045936
3896455
17917935
3825543
19786879
7871820
3950826
22565161
15573541
16585311
24365986
24689172
11706697
19127179
8141223
7285032
8882257
25560349
19594501
1408861
7789678
19368912
2871945
23586852
17083268
22147942
10094243
21034619
9532967
24675775
11352886
15482080
24173178
20345030
3548346
22374696
10742359
24662027
16522696
17433718
7960300
25260191
7910792
17521473
1390473
21309374
22045826
24112670
22485232
14657766
16452103
16923411
22884754
24371832
23107353
10636373
8323420
2709180
17356056
12065558
19470793
20697791
1497864
8498878
8832526
21090563
24431427
23160656
1575174
24732169
11781402
15176685
17852793
10619912
12816740
23870503
24280031
23647705
18082528
12239480
24506142
9393424
19681257
17516492
22768793
15745138
15223903
15733631
17719303
2871744
20329618
2764265
14977031
3279698
12585724
20863389
19371887
9129469
1448121
3207656
15960148
9349928
16181541
17453398
23045537
17853393
19644973
2647294
15272537
8735490
12743142
21354925
9427455
19941058
20680681
16527796
11701101
8849265
12021946
17010794
22676466
18470779
11837468
15327617
25265770
16337719
21334061
12663340
1712835
11536065
8435382
15741753
11056245
19122080
22610128
11053333
23000125
6420374
22476876
12108616
17579182
25619686
26217065
22038501
11322670
23535873
26485385
25659828
6366148
14699228
24201232
21809679
3830804
11199239
10848655
17490965
25700292
23775967
22782459
17391914
24119994
16644334
7598920
15283485
17201277
2240543
11218508
11377310
1444872
18431478
7896655
23592849
14576501
21226576
22215436
12271298
7617857
19608530
20199680
20216293
8292465
24852722
14550686
12642847
20500784
19407805
21720723
19565731
19680697
24517028
21616612
10928228
16220085
22325844
10837440
23827399
19691092
11267196
7053590
14636372
4346973
3277760
24189342
10201101
24424141
20113305
23815478
20506785
10960380
10674229
18368792
17164971
23828383
10588965
8512622
21084429
12017793
18343039
10443725
7551999
22678947
8509099
1444609
23678498
9499947
15713151
3122275
3556337
2014978
8053586
11835021
1853794
25549656
6122555
18467912
17979862
6124226
14655885
26058489
22001391
18711222
22574591
9512674
8918486
8787364
25854713
22332211
9296510
23688859
11788219
25546925
9430799
9801481
12378396
21753062
8623957
19368937
25441055
23306077
23776270
24885187
20654755
21035047
20367417
20486273
2831788
5090759
8590792
1759534
20356395
17280773
21798536
25640884
16596465
16850327
18235151
24252844
3519095
3563413
15358872
20149953
11561265
25365653
10755175
23808817
24902456
18726150
15233698
396086
8519722
8657237
9931911
12769155
15182139
25001365
19111789
15055890
1911013
21067912
18565251
10832772
24679062
23321692
2494948
18382824
23332872
7526007
339662
26510728
15319704
7272152
24399100
22845070
19641009
550796
9205762
17698601
16731878
22800470
8570879
23212807
12579266
22850220
24925605
24549163
17695603
24356715
12654143
15492949
6377221
23754339
26151440
24559178
20633669
1541306
16887481
22964266
25392671
7118776
15695500
15891326
12160584
8094114
23931247
8731496
11836674
7644960
1730427
8884623
11501687
22634446
25488965
18845806
22989921
8179563
20828635
1799472
19481433
5556863
24768960
8214547
25304364
15084616
24973545
12512598
18802150
14989068
24713222
12792318
25694364
20957631
21047588
18299305
8162628
1300984
7235205
18606932
2959901
2834996
12237625
8791949
15224627
9066329
6350097
20616786
1524884
22921159
10889804
23046525
9772108
12183788
6108319
11916791
8549538
10634835
20068494
9809262
21543343
15591456
8387067
21989146
3114351
12113323
23965288
7559165
15191587
2286596
2968595
15979021
11994052
24113340
17118092
19169102
17334477
21545527
7208897
15606733
6734073
2508567
20484620
15943172
24101016
21892106
12824973
1992319
8208469
14732749
12492271
11549539
18701020
23379651
9788685
17984242
15793648
10190267
8436747
20946966
24630545
9529556
16190799
24433230
24457421
9225710
24859114
25778317
12148711
2405107
17999404
24926950
23727103
17443855
1526697
22446996
25644584
18717189
15960694
23052635
789390
22265360
8396304
8561526
25348594
24231167
12704402
23984944
16093405
21379582
12928692
17093162
25561389
20843746
9701205
10348763
14650571
10592853
20232240
25187485
2590611
4605864
22219012
16940738
16942963
8540453
2036277
24761456
22972771
24447434
9207711
8456467
25681235
3541596
11069570
12651674
2285166
3174738
11778352
10441604
21295919
18678836
10360656
12564611
23108780
16238662
12585821
20932687
25526831
24752311
1721246
17700083
24261547
7761019
1697914
17702798
17156222
3673207
22587862
25912590
23039709
7859140
24490842
18161643
12093332
22847319
16647616
16382035
24372367
7733424
21987240
25292351
23839319
8156515
19912211
25253808
15364709
22153696
25733274
10606880
2195532
16948927
7928125
14716650
2688237
21237718
9660035
20472253
19188136
2855516
1833682
25284194
25798575
22983407
12375315
21385351
7873425
10476617
2527542
396063
25555877
11545629
9917050
10097996
24293165
2694356
22810989
6363798
23587455
16585808
18704672
23092665
18849616
22006695
19552744
20519346
352099
25795561
23400613
21704300
18547294
18246895
19430389
1595776
8352625
22008443
23130813
9825384
18957157
1678925
18716736
15464783
9205768
25579054
7655889
3926042
10492627
15591756
16202291
25088089
16220761
17664467
19595104
21859314
25082565
17156651
8655293
19092729
12202662
17934527
15167457
11918753
9229263
1911498
10861653
6125181
6403021
21931984
15509083
9071556
11705818
2008691
18073312
12021824
17972048
25080906
22026323
25180722
12094254
18307223
8487344
7865492
22882961
3168620
10778276
18486741
19353317
25497243
393286
7974179
6364880
12463729
11106679
813984
21148662
24246210
3884411
9931796
2192505
1497159
21654265
8627197
20673857
7826791
22743137
23773886
9839765
22369958
10817768
10563544
25282520
11547366
15616772
17178532
9594153
19201326
7092002
24384588
11435682
9095512
9704200
8245359
10093945
9413463
20447774
10685817
22525955
3030386
22526891
8673938
10850381
16254100
15241630
2693850
25820842
9657576
10194485
10826576
16095446
15947531
23972722
7649753
22080631
8881340
1459383
8568534
23444169
19515873
12834936
19965647
26449739
7148967
17907108
9919095
1941391
3085131
8376638
21042763
17472838
25644279
2319047
20584070
15673801
24676906
507792
8858230
24885551
11535502
1445476
2761917
8978338
21552085
19852789
7801065
23614586
22565413
8837189
2196621
21321333
22414705
2691638
9793091
998549
22690994
8616024
7995325
23339584
7134226
21036891
1722167
19781408
23688830
15730346
15132762
25806587
23905378
23019005
7857500
11472320
23118244
9849475
10902449
15200727
7449282
12881389
23659834
3976757
17848325
25515056
8530236
26135372
7670096
16595217
24032193
9531360
6980168
20220293
9040453
8403910
15673999
7733183
11265037
17912634
17597498
18339046
22465904
9221965
10674680
25675062
27036056
24803366
18806616
371644
9231814
20305865
21721430
19396947
19207322
20615885
18161677
22124576
9850026
23648162
17998493
10337847
16087911
6343259
8888660
20830241
22987897
17388667
2564725
12780755
10741095
15358853
9532999
9570244
15603203
14714361
17967671
24821891
16684856
14745744
15449150
22989372
9706929
6409006
11196013
2141713
2228570
15080019
20674829
18374024
6360773
18681363
23296213
12687510
1486965
11022066
26223240
3108794
16648775
10091821
15068403
20548043
9720660
26650831
21392837
15818697
4127641
17544361
14669937
25344395
25101966
16792607
11791023
10410152
20237484
11450818
22488107
17149715
15530681
16794504
8097925
19644033
11414348
9034258
3602307
24473220
9642484
1326339
7705531
11238483
23624061
12055323
15741848
26551184
24694748
9399611
25865864
15180835
11714591
8798245
3010510
15691793
21531178
24714816
15610252
15608043
17926617
7809641
3675403
18787937
9474450
6366124
10663363
24992750
305873
18303031
23619951
24074927
25087908
8132701
14763475
18371465
16791814
10560780
384024
2949396
21909698
8686245
8748041
11554235
17196275
23185761
24393553
7680306
21432861
23929781
20936417
1945967
24682707
3624669
2182235
26244758
3059450
1728202
11292273
18686184
12660676
6758263
15985559
12478408
6849726
7595068
10566623
11550726
2468745
3602327
22402015
7564450
12437457
20452382
18714238
9230829
24418366
8305277
21270510
27532829
2672925
21048092
3137065
14674492
7072873
9042119
1997878
25452054
17331650
6984358
3816105
16223394
4752239
11034934
7941489
22987458
3318754
8450402
22924950
10463847
4016785
6227244
15274666
24749259
15895329
19102810
26109247
16281190
17050770
22156967
20369616
15468367
11143509
23164311
15857741
7676782
3134815
22892323
1835223
9855086
18215978
8964276
8936541
14995965
1282182
7219904
26746121
17608965
10889149
12718385
20218011
10195003
12973849
22732966
23101741
20624257
7035637
10770301
2181434
15909709
20708275
2195054
24658964
20605942
11890175
9652612
20159310
16283087
19415409
17140502
6390445
6807568
12185154
1423955
14715180
16212446
20854436
17977295
3957541
2698934
17852958
22214113
26382998
3123115
11948051
10555930
19901118
10071998
18093356
24317552
20647058
2067508
12358251
20034362
11028492
18217284
3557014
3528402
22014222
24256459
26122982
23205617
11343038
19404150
21975559
16772718
9028057
15509022
50611
7881024
8155449
19716589
12042231
15978926
7174605
23886027
17845737
12384805
4459905
11041498
12855087
6403413
16801333
16007391
12954577
16393600
23605599
7388581
8045623
16846734
18318721
18271235
8750409
6391269
16411994
19931151
9609624
18581595
14980919
23510581
12886239
25502833
21233425
25349264
22511135
7646610
17357577
22438600
23993773
15481334
1409770
15247730
21148666
16845576
8856425
22238957
1857525
23379240
20822543
25323335
11839712
1584317
9481466
25840599
8656171
22079469
12638099
18270751
20500493
6885201
3112261
22035883
17149529
25304947
18602522
25047312
1699814
24274627
9772038
24277510
175669
20530107
14616872
25818246
7956629
21830957
10078673
26037484
23084676
23524942
22965298
3538985
15324531
16957977
16709205
24526141
7390376
23205521
21915543
20413513
17312647
26448791
23274597
12410073
11881749
10594393
11234566
3296982
2245435
21632816
18394874
772759
5573167
2741888
2183734
23632800
22465608
15897822
23197299
18556898
20209171
9690103
22692114
7997384
16099893
19154562
20204689
16200817
25455414
1492408
24234676
10080319
14722336
7814306
21997224
12739123
25044079
10361382
24184410
6650773
8274583
20875504
22683613
21914906
9808499
1990041
12006271
8131429
15206990
3890395
11068835
2182521
10757250
11029568
19301691
23134960
14668075
7862876
2699786
17971587
7924475
24710131
18462303
1411449
8780837
11134799
17089419
24964689
15937606
16104966
15260182
21418794
8741469
9469367
12653872
3545842
19304046
11156811
19397502
19853700
22527308
24972577
23955236
12452980
20966820
8639070
7692028
19803237
12813449
10506815
20157845
12045163
24067301
17603862
14616133
23940214
24460069
10075386
11517983
24161568
19686304
6345111
21266651
9342133
12642251
24781567
20576092
26181707
17286730
12505733
17074147
12093460
21346207
24532106
22349989
7893582
17724294
23642776
12423984
10230191
14660988
17367324
3882217
18164307
10429005
2406863
1457432
19833610
3745846
21639907
12814457
7259216
8378411
8281875
23995030
9170524
7946254
1659236
12713767
19182698
14999992
23735703
21304253
12239448
8035029
14752429
25012645
24982504
3653128
23875574
7706148
11508634
8436744
22275153
20946200
24417452
11699803
23414585
25719544
23562192
19155155
11319711
2142040
15533466
6146112
4025245
21918912
11545671
16540862
20386431
19062727
7829176
11302295
12074271
8840371
21434781
18417969
11167879
11369627
10757579
12974687
11956614
21935685
16548702
9230648
21672315
25101527
6384285
21846665
3881176
8607589
24662947
19365716
1623694
19701509
25871593
21316048
23801256
15039684
25670541
22585469
10155556
17934678
1919850
24767206
17073957
22066521
20837163
25623276
16044227
10509459
6586277
19729979
12236273
23652826
2928074
26742304
8106772
10517189
8454478
1530836
15889546
8318411
24018545
7562882
7692109
22640463
1359809
18791939
8213019
1527133
23381958
23466353
9049582
23392460
9407259
21126245
15689088
1307461
25142189
6416184
387204
8917026
19780729
17375984
23869063
3306431
12668582
6324934
23349254
18485420
25656334
8712652
15890448
25342205
17387192
11205419
19235039
18415946
24286965
17535502
16145415
22510874
17097398
7381634
19109835
6341410
16822100
11219757
3553277
21801451
15528910
2915887
16006861
11374137
2755692
20636866
23257173
15491374
9935021
23782126
16472981
6143667
8908288
24675714
15625713
7491394
2146875
20042310
19910815
7489845
1905592
22967497
25162407
22412171
23836550
23766737
22499291
9220179
20865676
3954130
17114905
20484002
12358871
17179098
17356153
10338217
11863211
25083601
21800228
7714229
3342655
15220594
7499684
6721970
10660161
16116013
23630033
17076630
2869714
3304622
22066973
8752181
7075499
22240882
25407464
1616359
18632218
8435259
1894676
16257339
24231646
1336890
8873520
24290135
1578953
17208334
20683712
21908036
24012722
10352330
12033348
24767004
12193353
26054177
219802
12407485
22277317
25451017
21154265
22906113
2276106
2087856
7742155
22669453
10036953
6134039
15506067
15734707
23073171
9044492
7706098
23463854
2486557
15279417
24033239
16431255
16555138
1548248
19562475
19886920
24292519
17174705
19779715
1291393
17548021
18566882
2426069
6108264
25822242
16177585
17165495
23746205
11331721
23870440
21576129
12576246
25348544
7572690
15975721
25234471
26279130
21978765
11812696
18609155
19805710
16691061
21915740
9632036
24602973
24530652
2780120
8127293
16394797
20102444
23334070
20592840
2474103
26122384
3124456
22808053
15653006
12666946
3546120
14758586
25673113
24635039
8197064
10693733
3333530
12918532
23416308
23385110
10442506
12396317
19433686
18684258
3292597
15922817
9664917
23101743
24518002
7069027
3313023
11395821
20362507
11922398
7591314
19470807
8940983
19019444
15294387
17404138
23716409
9269786
8733449
17899340
21276573
16360994
10084579
11683967
3877292
18205945
9989713
19192127
11748974
25223963
21484517
17402204
10209728
2225700
16651950
9497116
8499152
17171539
15778725
8604728
1673324
25580916
20337981
21412846
10554112
11292279
6988462
11888774
26554619
799982
26446239
19570717
8932546
2295911
7410734
22311204
17383295
26691535
24007198
18397386
11710599
1897766
19272375
7704288
9316683
8276557
1788685
12804020
3370523
19858761
24502859
11443835
1922235
11453509
17175376
12551867
20102495
16802487
12876178
4619431
21038654
25102328
12553591
26209587
24127304
25122429
12564610
23539079
9512152
1723467
15641975
15929820
25992523
10517426
2885607
23228924
19948625
6630328
1412152
7010854
11465651
10337083
2148830
7881454
19437058
23312881
1376306
20406576
15996057
12872081
8392359
3963358
8137583
17722826
23874533
24436115
8472567
19502023
21396848
8780429
16437191
22133572
17467416
6150716
25001543
16670650
1100179
10235220
7814161
2939214
23942708
20155309
19138400
24897394
12482473
22531825
1420057
1715416
8770304
24835171
2019772
3180669
22853706
3931144
7954555
21719717
4037540
15119720
25040756
21635675
3410812
16752282
9493479
18056791
16146466
21135366
7635420
22039290
26046796
25528326
17723125
8394956
18026891
25778837
1593244
17438178
8334086
19001103
21639806
3260083
15837967
25668435
6667628
15162076
26628383
20569725
22456820
16249417
15656360
21575074
26139208
11828556
24974254
7593698
25022743
1342306
25957107
24345834
9670112
7995312
20488452
2947151
18261537
15553821
24727325
23361064
7559252
9105060
24291456
11162323
10602739
22585532
25084009
14520769
14662278
20694508
20535539
16733916
12591004
23469597
14670288
3156347
18972730
18752063
25066648
8832772
10337657
26323772
17715164
11746070
20730486
25238860
18035192
22987106
18670875
16930934
1832287
12742556
555487
20010618
21389925
7976148
9190129
1751081
19682100
16541481
1880321
9513236
125133
9241341
24337476
3503390
9419170
11488317
22789149
9809934
8237838
16794570
20537413
26040302
25056444
11708589
24988118
939970
25840597
11132252
15356657
12590404
6764321
2865615
18556619
21785360
22182296
24022375
23192919
25186034
10715372
3299950
8282676
20522464
15012924
21788433
22496207
16167251
5322596
18540211
16739368
3300426
417361
12377836
1410028
16119805
12424783
6516935
18501909
23838275
7825420
7557852
15055365
23988781
15746480
24132766
1818543
19915222
10382082
11957440
7946102
22740508
20439105
9713225
2679258
12168688
10973645
14623199
26100611
17395055
15305197
19333040
15346745
19904596
21740578
2188871
22750958
12088604
22050796
24272416
17054808
2165088
1827602
18333888
24930546
11100343
25726411
16214598
16229958
24641638
22342106
7936969
24685085
11360574
16864886
16926619
19040172
14589718
19919399
15453848
10355394
20001837
7831455
3075724
2420348
1829841
24156287
25519880
22294238
22492697
25350539
16753722
24919102
15535495
24830937
17491486
7015093
21694630
7036799
17624203
19808281
21106341
2374275
23613224
20508979
7964960
23405947
16048456
8892490
22490110
19928389
24573180
18157013
25764092
15165532
15673098
6552999
16038713
17631392
23512255
10682031
19135235
19268506
25193142
6374683
15299181
20484550
4165041
23173253
1622739
1358607
24097277
17511685
24146455
22712208
20965956
8060436
3434628
24576886
1908729
18243378
22732975
11348533
11013281
21418212
23127528
26385172
8871414
22131601
19821888
17717132
25978402
19171500
18492829
10986219
8141163
20434046
17572835
23075031
20152225
19681862
7923712
8198938
14713377
15816106
17445928
8272303
15217131
11429349
7699494
25564411
16253098
7997386
16197624
21621992
24612915
15955950
16448427
1920171
17467265
21761341
15025886
7326194
15764958
2116385
9099447
10674681
20043831
25643864
9078197
24158898
18676757
22151475
15774238
7540705
3089050
2975995
15490072
19705924
11932900
19117033
15482502
9006598
23639612
19330493
25241527
7815983
1255322
1797999
25459500
15472677
19073386
25776840
18321372
8644646
2956874
11305684
17244294
23716291
15571443
3911965
20630604
6307704
15463829
25893544
20431290
10356632
12120773
12738312
21087288
17954768
6871470
389265
3324498
15037334
9327193
23676253
19895777
7975860
25048751
25246602
17113685
20124059
7032533
23518801
22686292
9735623
9039228
11961446
19217236
22067237
16275518
18702687
8376441
21844080
21586215
12201937
20394631
4448416
2292547
10690138
3146231
2199180
3284632
24214165
16880243
16296713
24874588
16911869
17009630
15477567
19535468
10790473
7527453
10714690
23343686
1996926
6436868
22946606
18330493
10768434
11981150
19531038
2607948
17595435
20109864
24090047
24352377
22401811
21546263
18971406
10373718
2696035
21334545
22006202
10832774
2339965
23511149
16882678
21366734
15160783
22370992
19169289
19696287
3630589
12850861
21432860
25861158
17064200
24939380
16750325
9732932
9742715
20008622
10380161
23660099
11408369
4407133
8550361
23500669
25801501
12538120
8904679
23992605
22583459
20070284
17224353
22392415
23902627
22985336
25223836
17935144
12496956
10340153
22382875
15821644
18957505
8018108
11978262
24406481
18004169
23027887
7485923
12839657
3001523
10945514
10554799
19169898
2107116
22112544
1359322
6148163
2185565
16603337
9185746
11876712
9474454
26160997
19247233
10489959
10499652
24914426
11849797
26442399
2868645
6342928
16160627
18592368
16304214
19910194
18606053
7029293
3839157
25934164
7679164
18582177
24138011
1645768
16540291
23140338
16089221
10634838
19666626
20844187
15800226
8478759
1741218
2068469
21439528
11439748
11013775
23609382
25456370
9261669
12653895
7104637
9647873
1642441
19002124
16492716
22020134
16730335
26016867
18721764
23360819
17943674
20137718
23605805
21131142
2586565
21610189
15476575
3543069
16230665
15193939
3286673
18431444
19660462
8063348
16600723
10690697
18843564
9806121
21030056
3166942
9400786
9164427
19807791
17408924
7810153
18812446
24564308
20307262
21040167
15861942
16767966
23118720
20496000
3519550
288486
9547958
8436638
9001833
16904524
3132778
16275814
20017819
9672054
18989547
19174717
2859779
10439763
7159500
24878589
23438314
25178668
25367544
10382134
8056005
26266420
12823129
10203382
16961674
22582764
20817247
24011178
9933852
26068449
25432505
15968406
9683043
7881703
12882611
26712084
15093843
23102821
7010528
1621668
12131309
3475309
1634173
24910215
24684867
18781287
11318022
22999292
4772206
21320312
15472185
22133872
24722560
937075
19470936
19017582
3859359
10678548
24694924
288173
11860536
11422660
12970516
17019627
25439417
12504399
25474530
8222739
19193781
9607867
25492271
7028532
23952636
26315857
8338943
9351754
8277075
1751266
12020338
19708471
18410301
12635578
1488874
8872685
19702485
12844393
12151468
21949005
8681312
19324944
10968308
16204903
16508555
21646599
17618948
10992834
9669262
6753091
21214129
16730541
3314516
25403582
18541792
12568856
9935005
21272822
22586827
23528101
25795413
12057986
15622265
11965204
9003876
17160228
7851604
16125499
22617130
19918712
24713181
23428834
10539493
18235123
839327
24242260
18449445
17404792
19897177
15719741
21433319
9931687
23873901
18702754
11362397
2162258
11331049
23747131
12123333
3803417
18322594
3278754
10211492
20590478
17069545
20694273
16108749
17037712
8467286
10816058
18391640
9818688
20027352
2644391
1479049
23410851
21484217
26398887
23890774
17009251
9203648
1725537
20504165
23275644
15915547
21664757
17666359
12567169
8098276
2014078
1394200
9058626
26138912
23753523
17929164
26148018
17297382
23531317
6261782
19948568
12176916
12925182
23394513
10741842
2271374
161652
20920086
1707337
8015776
20061334
24781441
16137240
22040533
11700823
22045148
11210885
26527417
1849786
24916506
25919773
12599844
26082615
24938562
1922868
688257
9926538
1667693
2371368
15175435
2510260
25319807
15781835
24089423
21222024
23964752
3586567
7761011
14996144
19897063
17082978
18409186
11396751
24687182
16343383
9951491
10213233
9700583
11379334
24656872
10661479
20675425
20004758
19904268
12638834
20226548
25801058
8600885
22221670
787788
7492158
6844471
9676351
6522132
24006504
11741555
19415341
7907677
15534261
25659440
25912520
11877686
15189800
20019137
12651635
23760519
17479312
6882809
19054570
1937073
6352035
7892971
25670026
12569977
14690574
21930490
3073441
19996335
2023746
2491829
9751554
20431081
2895910
11208371
21586714
18678578
25714521
19675193
24214840
24652860
26121801
22923209
2890442
12457629
8752254
19223284
10404444
7674231
8891846
21083385
10223244
11362629
9864127
23475835
15545310
3353525
698606
2073645
17947289
12790985
14506591
8259746
15602505
15275765
23524367
25481453
26208985
12044624
22648717
10624759
19763803
17362495
20569998
25920470
2184179
21260940
7672876
22050040
11073017
7887018
7856515
25119339
9825232
10770979
3303886
23233021
25313065
6344196
22752489
21864416
8520804
24387919
22548691
7640140
1793881
23482575
24027014
25009139
23266440
15278032
12546485
21629200
16386890
22572567
22727707
21457605
22608375
9769784
18590393
23773944
17019624
22550938
3818024
22709810
24925924
11295009
24061784
16377918
25851025
15191260
16870004
24281134
9332112
9437974
14625812
2128415
17931375
9761783
26158622
16083628
12844138
7936339
25892145
12050494
12787235
3287226
16234574
8419816
10197379
7910732
24105031
17276969
15830983
26036434
9134405
24092940
22696626
19958108
19574500
22982948
24554519
27348905
17331237
11570022
21692873
17321529
12037693
18251162
25534295
21996146
9553982
24691455
6189335
10078672
3307842
17884602
18555063
16981901
15051597
21983766
25798729
25380801
17954800
21900715
20594308
21950736
11392343
16601648
24628747
7942578
8708726
11709366
25963425
17276750
6496450
12456431
21238531
18991158
17621027
7616334
7620474
22136317
8123947
18666040
2501509
12233894
12090782
1342906
9718870
18566204
11154142
15562654
17276748
7032811
18078449
15353873
19523697
24103072
20726258
9101850
15098782
21787048
25533997
12394700
12121427
16909273
3539897
26225500
18665413
17762804
8090084
12117831
25648577
15309442
484261
25453593
3117477
22906338
26205311
9834207
8580292
19462303
19284641
16116055
22843280
23893098
17045894
25617202
18818024
25594611
3131904
15673894
7824501
25616941
12005275
8976475
17941770
2112233
12139152
1857873
3998250
23113962
8104273
20104460
1334639
9055050
10424316
26166077
17126434
1536276
9751681
8437833
10408075
8571077
25283504
6762195
24315548
12538218
20813580
23713303
22001361
7806134
15963401
17003665
21946197
20705223
15541087
15897310
8332150
20620365
18679829
17069542
18096070
12895217
6761890
10470636
10685722
21785368
3516608
12059064
23365106
7552649
24716586
24268858
10207709
22659656
9070546
25022248
18983318
23715475
18339525
9084194
1908493
8610775
1359258
23045243
24920862
24324004
15738536
7539544
21261975
19814586
16915076
17434069
2064495
15310639
8792262
21463068
14685645
24065423
8015504
11471578
16729400
18420953
22475864
17501728
24839884
18783414
7584286
24146058
7981078
15571828
24660272
2963645
26316279
16037751
17241298
23303244
2932908
543887
11554438
16128933
9862848
24350695
6428372
14710214
7799030
22617366
25568377
6337497
25516338
9207470
9411221
2461017
21822762
9885327
11013280
22904179
14628158
4085165
11786587
8790079
5378631
10208073
10337433
14609821
21512834
26068086
15238023
23386127
20100962
12644413
2540788
21142736
19371522
9819368
19718941
6653648
16079640
24472253
9303285
18572078
18779477
12036809
9314855
23566237
17047022
11246578
22115710
10971538
12422941
15536093
26467901
24534270
21811855
18836092
12505565
17694216
24069775
24195864
25465111
24275895
26882812
3548803
6376144
12401759
20712132
12604982
17377092
2882234
24077211
8091822
2180462
25963675
22903518
25475363
15769918
20185596
11420161
18289310
20061873
11931782
20456192
1391736
12238830
15894964
25234479
8487324
11815957
7977921
22818151
3704665
17575230
3710012
22471381
16293958
19797985
3319640
23326865
19080323
25690266
23774272
1617528
5980490
21145428
21309696
25286703
19155827
18357902
10651597
14514742
17950167
16316486
16426958
21445888
9757955
19301086
3617996
23482762
23510984
23812665
17481800
16904970
10594396
15587240
20415897
17722829
17959958
9105062
23494559
19577150
1326734
6354030
12830748
631030
15188980
10957888
18288059
6425480
11159256
17717526
24201696
9647338
23647761
24217336
12116339
22825926
9278836