5741844
4759860
5054596
4786378
2430617
5103135
3410988
4464926
3693661
5074260
3224529
5320759
4019890
4884260
4296406
3466198
4198846
1971065
165418
4804082
5721317
5728078
4842387
3466131
4080584
5489138
1913602
2212351
3422059
5029935
3546025
2806387
5976967
4323894
5018700
5781260
4794897
4387644
2613135
4260384
5682159
2762969
4141579
4780150
3108665
3446002
5446455
4488484
5158040
4899895
2714198
4221863
5628593
4968829
3933059
4478821
5928476
4292865
5343624
2429977
2887151
1475568
2447617
4138383
5941723
4748685
5588713
5014878
1187893
4757976
4231047
3561645
4322313
1913177
4993942
2892494
3600348
5791393
5851630
3056193
3198285
5100099
3420321
5054611
3339723
3692346
4619975
3263438
4495314
3669111
4855961
5308129
5564145
5021748
4253794
5697645
4152682
4191553
2703617
4677000
4092926
5385703
3661239
3921228
5550381
3263888
4030092
4297469
3994324
2741450
5718865
5409664
3798949
2375877
4222592
2788265
4844154
4941182
3628658
2656477
2364533
4204994
3118076
2363351
3199060
2748072
3842830
4396724
2911596
5486467
4140547
3577738
4045368
2720945
5720557
5599918
3781502
4776564
3980039
3597472
1784771
5122238
4574984
5215525
4094699
4726501
4884360
5049622
5986454
5022334
4610927
2575601
3896966
5529983
5589093
5129820
4599543
4227976
1831737
4461930
5619630
5747102
5842771
3682900
4082484
4227298
2922723
5336430
3179931
4787139
4409094
2974661
4763632
3387601
4713214
5434591
4311411
3267052
4821313
5009836
4280721
3864139
4731690
5002324
3094237
4685630
4069273
4148632
3106384
4306068
5577662
4379665
5404215
4764962
5534500
5820389
4183415
4477402
2464595
5452353
5193306
4067355
4183888
5038569
3895597
3664086
3963555
3445058
3704267
4402460
3259296
4164149
5414544
1198254
5126155
2920262
4365564
5307611
3221331
4509558
5149084
5031764
4524824
3661884
4280425
4803984
4255428
5530360
5461594
5923799
4341495
5288524
4134501
5472412
5610854
4399299
3434899
3742017
2630316
3154934
3476139
2899760
5320660
2967098
4568196
4519214
3101755
3614647
5958473
3537701
5019463
4950066
4335741
3678237
2361806
3694465
4440033
3464379
4359119
4526336
3781545
4632405
3137994
2430614
5045666
4414618
4673066
4493951
4678179
4871571
5801479
4590407
4412792
4831612
4357072
2856148
3785902
3206382
3467590
4232010
3529678
3452313
3804449
4540107
4199180
2721929
4950806
3580611
5735476
5003313
5340016
5309308
5509647
3309311
2694465
4251531
4056626
4609664
2427034
4396730
3904487
3407981
4132637
3944580
3382640
5653840
4731528
4048120
3612585
3090298
3219771
3984270
5579675
4313493
4776542
4967427
5741263
3782468
5867479
3829814
3293068
5399146
5900060
4704894
5372977
5337766
2662857
4338635
5395991
2360030
4808543
5018157
4234827
1261533
5919699
4115605
4760045
5808396
2001223
4137650
5425769
4859395
5610548
3591547
5514258
3019750
5219826
3898240
3816909
2722000
3503942
5808689
3712961
5106769
5724392
3616124
5223669
4188585
2806530
4319305
1488892
4996255
5504600
3937058
3994428
5738810
4425923
5094682
2361520
3546023
5777197
4398439
3894078
5119624
2928344
5555437
3971783
2774638
5360580
4565804
5957406
4334043
2974815
4880652
4106715
3958613
2748711
5911298
4879328
5633216
3604854
2864284
3671234
5446666
5491994
4472776
3662597
4483334
3557743
3321403
5506592
4124480
3990364
4188762
5614293
2871176
3688436
3403627
4156403
5350209
5295657
5768344
3800940
1839864
3712888
4874073
3977448
5429471
4785315
5012042
4733710
2690844
4320136
4560512
2223531
5079604
3430047
5501521
5884950
2689169
4776123
3780629
3475525
5868223
4149239
5593355
5101425
1468428
3348688
3738485
4577567
4141382
5220753
4266420
4823408
4045752
5622764
2570683
2517154
2686715
4139977
4079189
5062194
3511947
5787910
4831776
4129110
400417
5673730
4274545
4895766
3346674
3771300
5498096
4659198
4760038
5117579
3525032
4121500
4078065
2691927
3089991
5331731
3321528
5847600
5471755
3214395
5590362
3798206
111193
4030712
3671204
5440738
4489004
3961596
3573831
4450858
2671648
3735552
4064763
5556716
3329100
4749757
3636800
2837815
5389230
5124485
2800022
5746685
5124283
3511949
5148913
4900317
2194675
3599990
3210361
4839526
3956949
4138551
3597059
4535555
5459456
3914427
3289190
4793655
4392900
3984795
4021263
5103331
4517027
1876597
5015408
3890270
5080766
5976501
4112748
5936036
4545550
4924222
4199615
4667210
5742644
5753687
4302388
5980459
3417877
4317856
3713866
3936610
4701182
3187863
2949642
1781578
5458653
4889691
3215945
4128609
5448649
4185107
4374260
3719224
5225252
5106877
4697245
1968469
4940009
3608893
3269796
5379843
3831918
4093188
4709811
3489577
4832354
3085176
4892327
5209819
3214443
5379203
2708184
4768887
3585965
4078386
2829413
4972969
4744284
4516063
4610679
5396972
5174811
4025600
5790265
3652505
5127177
4960789
2742700
4730432
5593173
4320624
3349250
4128673
2885597
4636858
3774725
2956327
4053826
4823346
5986443
5626376
5601935
5560591
5332296
3459547
3480782
3043099
5846302
5101645
5920342
4594140
3376507
2688140
2801838
5482825
3787573
4821226
5864139
5285426
4221638
3258678
5556332
4009088
4714728
5742427
3262135
4747995
3878739
5684963
4627811
4802087
5444773
5156970
2627861
2211287
5292678
5551012
5732563
5103733
1774569
3570228
2888205
4639339
2944304
4348728
5380326
2815285
3276929
4554233
3877023
4941128
4155124
2847809
3376478
4342682
4667406
5615441
5387905
1175929
3893543
2772252
3627033
2887326
3982948
3549413
5519461
5295074
5498715
3296686
2650992
5391070
5091022
3491047
5630555
3846239
4630743
5244020
4907437
5870330
2944158
2363617
4860224
4569275
3685524
5437665
4423288
2920889
4086013
3278655
5856907
3406743
1831486
5129854
4958948
3633335
4222660
4327560
4544133
1618957
5099199
5416724
4723179
5325897
5636096
3329225
3821103
4183584
5560514
4181789
5494175
2759629
3590739
4532714
5858425
5712123
3337377
270049
3302141
5762965
4282128
5643995
4805129
3961877
3208342
3515338
3281242
1489930
5214464
3599938
2650591
3208043
4332717
3161280
5662620
5655938
3931696
3267522
4060171
3611073
3230393
3511948
4562579
1764008
5960495
5450266
5003992
5707653
5351968
5122106
3750766
3776379
3411720
4552663
4282314
5440538
4018592
4293505
3307993
4215531
4676931
4101294
5499864
4731919
4734818
3813126
4917725
3551224
4511304
5354681
5200867
4687242
3882495
4710971
3253336
2841147
3224655
2995234
2678276
4398332
2758835
420060
3730064
3941354
2442760
3932201
5141553
1332199
3698473
5597285
3929816
2671107
4059969
5104394
5395810
5282794
5897859
4477769
3144604
4845107
2875419
5747224
5056957
4222010
3432554
5289138
4411165
5524701
4168417
5019971
4751474
5874977
3726585
4895420
5756602
5719521
2845036
3533739
5433398
4356062
5465806
3381083
5419060
5904467
3827502
4482193
4883760
5752784
3425422
5520118
3830844
4804276
3348575
5349672
4300351
5013640
4876157
2364538
3292461
5415292
4319300
3103853
4705007
4007144
3515466
3271295
5568359
4235563
1896161
4119301
4517417
4030121
4355443
4090726
3821116
4916104
5754420
4942591
3961020
4114185
1868022
5412886
3556767
5343026
5703870
5129050
2674549
3508963
5154016
3326921
4329409
524504
5228186
2853089
2800200
5033379
2447849
3233526
4069731
5559992
5985784
5852865
4744782
2936735
4298088
4223972
4392433
2876942
3268925
3790036
5273788
5844554
4355974
3482439
5820800
4913581
4701161
2602945
5133227
3751685
3788226
3425748
5598124
3407716
3283075
4608626
4307639
2699080
4266769
4517637
2074536
3987287
5168495
3806618
3298351
3786468
3170595
5331547
4331314
5963741
4867039
3816860
5427603
3996328
4385682
5341634
3176493
2818614
3391000
4270681
3506492
4119719
4598910
3487501
3932017
5927490
4682219
5594766
3892495
2948428
5126873
3281341
3424202
3954418
4230312
3304380
4377530
5937795
3327628
5493377
5506697
5168897
4065280
3135864
5928132
4335628
4173360
4237982
4766670
5548257
4126186
5136709
3479017
4314171
4296330
5593818
4206772
5772830
4826692
4141807
4890862
4251615
5358282
4354356
5908397
4359791
4898395
4494428
5358738
2500197
5761719
3227609
3653258
3441280
2765950
4858101
2784472
4877819
3880665
5453890
4893238
5008205
5771357
4625433
2759981
3996149
3517358
5976903
3635879
5776520
2291568
3233513
5125808
3132856
3339727
3134103
2752780
4112798
4056784
5518918
3349215
4284010
3017961
5125721
5432698
4686557
4673714
3822756
3916852
3835502
4834398
4914255
3775167
3556012
60007
3603112
2796659
4124476
5471294
2778511
3691930
4274965
1868720
5513842
5324269
4052786
3705347
5125190
5133075
4173506
5306110
4869417
2954378
4808857
4804512
4871204
3139306
4756047
4397550
5793008
5446739
5103151
4344586
5491162
4859374
3474173
5859768
1414018
3617313
2762857
3575357
3503752
4951371
4234788
5739798
2778406
4183968
4459874
5773988
5721363
2546382
3542441
3580622
3628802
5045904
5301992
5296807
3943081
2681019
4026398
3017527
5294435
5634755
4721471
5045523
4339981
3248601
2770415
4630885
4374075
5341660
4599047
4596416
2680972
5812048
5674649
5077078
5119439
5079608
3120180
4304200
4774750
4538741
5565373
4418140
4636656
4696773
5648411
3191394
3513028
3266205
4081799
4076897
5101386
2865639
2867787
5971365
3747414
2808793
3840008
3685599
5320771
3586143
4577526
5634356
5662512
3192699
4960805
2952311
5435062
4558893
5655345
4893099
5524909
5629940
3511173
5260131
4947329
5426232
5807031
5431359
2129145
3767244
3263860
5139733
4754570
4061186
2887201
5648980
3848942
5722122
4461907
3984416
4064756
2503659
5852701
5395856
4065461
4431324
5450344
2724496
5667629
4608292
4696975
5886394
2652457
4435702
4969982
4145491
4530210
4341337
4895399
5668004
4784207
5784025
5633234
4467620
4727651
5730627
3640161
3364603
2249589
4059551
5636088
3657667
4461648
4445854
2660282
3854508
4319071
4676364
4545275
3217852
1924504
3806550
4305224
4829247
5588958
4610775
3856598
4402481
4789479
3698010
5442667
3917884
4555141
5338176
4280732
3150311
4533227
3053227
5217809
3883318
4910973
5447816
3204557
4761605
5508614
2500257
4763545
3800406
5609346
5716426
3733184
4153084
2584124
4171519
2396624
3492023
5803937
3094245
2409966
4674925
4907713
4984916
3849694
3658388
4194359
4009639
4809001
5711682
3046916
3271555
4608345
2992187
5852772
3276927
3399388
5264222
2569033
5508798
4691672
5052963
1905915
4610088
5424452
4155290
4126761
3917191
2972641
4213554
3284878
5502308
3897937
5073301
5954168
4170550
2782153
3868679
4839625
4114003
4738038
5018291
3678501
5536130
4006506
4289223
5034497
5944439
4975837
4121491
3648394
4026558
3599792
2228375
4269816
5714973
3748549
5315239
5592353
4928400
4004388
5587697
3136370
3953439
5672307
5668634
4808872
2047288
3141615
4171887
4334515
5809709
4501118
3804653
5789491
4632359
3702085
3712263
5627563
3696875
5299497
5702778
5706318
3893439
5682702
4018698
4610922
5630558
3608590
4881703
5686687
4810948
4166382
4793173
4241936
4830153
5712637
4822094
4782022
3552315
3559346
5731010
5892275
5654031
5135478
5838916
5863413
3972107
5116111
2908852
4416300
4837818
4604314
5812876
4006208
5002172
5808274
5571493
4590893
5595267
3642008
3349167
4173437
3228981
4776972
3504298
3856388
4796446
5120251
3087029
5414231
5729670
5442201
3488813
5655920
4796524
4923578
5742508
4937273
3602032
4639684
3889827
3133979
3781572
4382580
3821124
5971505
5053082
4173331
3357231
4640056
2039813
3611071
3269087
5614960
3590543
3590825
4206289
3778304
4776406
4689520
4689777
5131536
4163237
4046846
5536558
4994121
4604289
3644688
3714520
5562134
5774613
5643294
4160145
3838646
4888027
5354029
3018908
4233044
4324609
3726903
3499334
5585595
4480825
4127855
4323432
3747459
3785973