5741844
3794450
4759860
5460737
5054596
4786378
2430617
5103135
3410988
4464926
3693661
5074260
3224529
5320759
4019890
4884260
5740257
4273016
4296406
5509595
3466198
4198846
1971065
3952602
4331939
165418
4804082
5721317
5728078
5593668
4842387
3466131
4080584
5489138
1913602
2212351
3422059
5029935
3546025
2806387
5976967
4323894
4449043
5018700
5781260
4794897
4387644
2613135
4260384
5726464
5682159
3152513
3835146
4477338
2762969
4141579
4780150
3108665
4893237
4450164
3446002
3026127
4347450
5618071
5446455
4488484
5158040
4899895
2714198
4221863
5628593
4968829
4468068
3933059
4478821
3403961
5928476
4292865
5140822
5331968
5343624
4411465
2429977
5297995
2887151
1475568
2447617
4138383
5851532
5153686
5941723
4748685
5588713
5014878
5145296
2752772
1187893
4757976
4231047
3561645
4322313
1913177
4280954
4281164
4993942
2892494
3600348
5791393
4502126
3747462
5851630
3056193
3198285
5100099
4842481
3420321
5623480
5054611
3056480
3339723
3692346
4619975
1796543
3263438
4495314
3669111
4855961
5308129
5564145
5021748
4253794
5697645
3112403
4152682
4191553
5332972
2703617
4677000
4301837
4092926
3177395
3716527
5385703
3661239
3921228
5550381
3263888
4030092
4297469
3994324
2741450
5718865
5409664
3798949
2375877
4222592
2788265
4844154
2364680
4941182
3628658
2656477
2364533
4204994
3118076
2363351
3199060
2748072
3842830
4396724
2911596
3814588
5372931
5486467
4140547
3577738
4045368
2720945
5720557
5599918
5307758
3781502
4776564
3980039
3597472
1784771
5122238
4574984
5687903
5215525
4094699
4726501
4884360
5049622
5986454
4693888
5022334
4610927
2575601
3896966
5529983
5589093
5129820
3095445
4599543
4227976
1831737
4461930
5619630
5747102
5842771
3682900
4082484
4723180
4227298
2922723
5336430
3179931
4787139
4409094
3532974
5301372
3571647
2974661
4763632
5089605
3387601
4713214
4274342
5434591
4616122
2941605
4311411
4772687
3267052
4821313
5009836
3039191
4280721
3864139
4173342
4731690
5002324
3094237
4685630
4069273
4148632
125315
3106384
5457851
4306068
5577662
4379665
5404215
4764962
5534500
5820389
4183415
4477402
2464595
5452353
5193306
4067355
4183888
5038569
3895597
4737200
3664086
3924124
3963555
3445058
3650212
4864053
3150240
5722109
3329632
3793419
1201146
3704267
3626705
4402460
4362117
3259296
4164149
5434251
5414544
1198254
5126155
2920262
4365564
5307611
3221331
4509558
5149084
3373832
2806484
3941910
3001156
5031764
4524824
3661884
4280425
4803984
4255428
5530360
5461594
5923799
4341495
4584261
5288524
5200917
4134501
5472412
5423967
4483405
5610684
5610854
4399299
3810136
3434899
3742017
2630316
3154934
3476139
2899760
5320660
2967098
4568196
4519214
3101755
3614647
5553001
4653470
3920467
5958473
3537701
5019463
4950066
4335741
3678237
2361806
3694465
3697211
4440033
3464379
2891743
3108651
4359119
4526336
3781545
4632405
3137994
2430614
5045666
4414618
4673066
4493951
4678179
4871571
5801479
4590407
4412792
5256321
4831612
4357072
2856148
3785902
3206382
5374834
3467590
4232010
4088715
3529678
3452313
3804449
4540107
4199180
2721929
4950806
1852268
4153077
3580611
5735476
4715405
5003313
5340016
5309308
5509647
4472939
3309311
2694465
4251531
3232004
4056626
4609664
2427034
4396730
3845560
3904487
3407981
5330006
4132637
3178704
3944580
3382640
1562433
3640164
5653840
4731528
4048120
3612585
3090298
3219771
3984270
5579675
4313493
5372065
4776542
2797436
4967427
5741263
3757993
4395717
5376493
3782468
5867479
3829814
3293068
4298817
5399146
5900060
5898527
4704894
5372977
5337766
2662857
4338635
5395991
4586379
2360030
4808543
5018157
4234827
5384532
1261533
5919699
4115605
4760045
520750
5808396
2001223
4137650
5425769
4859395
5610548
3591547
5514258
3019750
5219826
3898240
3816909
2722000
3503942
5808689
5422432
5986478
3712961
5106769
5723168
5724392
2639700
3616124
5223669
5362210
4188585
2806530
3517846
2409647
4319305
1488892
4996255
3446145
5504600
3937058
3994428
5738810
4425923
5094682
3813772
2361520
3546023
5777197
4398439
5609057
5228669
3456942
3894078
5119624
4519544
3967502
2928344
2600646
5555437
3117815
5874317
5586978
4012222
3971783
2774638
5360580
4565804
5957406
5729252
4334043
2974815
4880652
4106715
3958613
3917204
2748711
5911298
3564767
4879328
5633216
4269914
3611646
5294349
3604854
2864284
3671234
5446666
4588874
5491994
5642191
4472776
5354011
3662597
5566825
4083640
4483334
3557743
4369830
5767990
5659064
3321403
5506592
5856914
4124480
3990364
4188762
5614293
2871176
3688436
5832511
1852293
3195393
3403627
4156403
5350209
5295657
5768344
3800940
1839864
3712888
4874073
5225191
3977448
5429471
4785315
5012042
5397544
4733710
2690844
4320136
3724560
2713840
4560512
2223531
5079604
3430047
3881871
5501521
5884950
2689169
3215167
4776123
5228611
3780629
3475525
3953472
5868223
4149239
5420386
3668955
5593355
5511285
5337626
5101425
1468428
3348688
3738485
4577567
4141382
5220753
4266420
4823408
4045752
5622764
2570683
5167461
2517154
2686715
3220859
4139977
4079189
5062194
3511947
5787910
4831776
4129110
3160381
400417
5673730
4274545
5831281
4895766
3346674
5704449
3771300
5498096
4659198
4760038
4819709
4538249
5117579
3525032
4419460
4121500
4078065
5462678
2755038
2691927
3089991
4092608
5331731
5854362
4404560
3321528
5847600
5966469
4131263
5471755
3214395
5590362
3798206
111193
3752932
5958330
4030712
5771895
4628236
3671204
5040779
5440738
4489004
3961596
3573831
4450858
2671648
3735552
4064763
5556716
3329100
4749757
3636800
2837815
5389230
5865731
5124485
2800022
5268424
5746685
4471244
5124283
3511949
5148913
4900317
2194675
3599990
3210361
4839526
3956949
4138551
3597059
4535555
3506580
5459456
3914427
3289190
5870915
4793655
4392900
3984795
4021263
5103331
5017045
5137281
4794540
4517027
1876597
5015408
3457720
3890270
4075638
5080766
4175246
5976501
3432828
4112748
5936036
4545550
4924222
4199615
4667210
5742644
5753687
3065646
4302388
5980459
5291156
3417877
4317856
3713866
2376383
4877983
3936610
4701182
5509597
3187863
2949642
1781578
5458653
4889691
3215945
4128609
5448649
3132864
4185107
4374260
3719224
5225252
5106877
4697245
1968469
4940009
3608893
3269796
5379843
3831918
4093188
4709811
3489577
4832354
3085176
5462761
4892327
5209819
3743641
3214443
3452084
5379203
2708184
4768887
3585965
4078386
3210325
2829413
4972969
4744284
4516063
5339463
2689497
4610679
3917123
5396972
3596913
5174811
4025600
2527839
5790265
3652505
5127177
4960789
2742700
3278262
4730432
5593173
4320624
4467206
5932317
3349250
4128673
2885597
4636858
3774725
2956327
4053826
4823346
4973627
5986443
5626376
5601935
5560591
5332296
3459547
3480782
3043099
5846302
5101645
5920342
4594140
2291328
3376507
2688140
2801838
5482825
3787573
3929824
4821226
5864139
1964758
5285426
4221638
3258678
5556332
4009088
4714728
4598931
3442969
5370326
5742427
3262135
4747995
3961219
3878739
5684963
4627811
3919744
4486943
5452066
4802087
5444773
5156970
2627861
2211287
5292678
5551012
5732563
5103733
5656562
1774569
3570228
2888205
4639339
2944304
4348728
3478519
5380326
522822
2815285
3000449
3276929
4554233
3877023
4941128
4155124
2847809
3376478
4342682
4667406
5615441
4563303
5604419
4616107
5387905
1175929
3893543
2772252
3627033
2887326
2644667
5539943
3982948
3549413
5519461
4283612
5295074
5498715
3296686
3539990
2650992
5391070
5091022
3491047
5630555
3846239
5615289
5951568
4630743
5215617
5244020
4907437
5870330
2944158
2363617
4860224
4569275
3685524
5437665
3580134
4423288
2920889
3655855
4086013
5457252
3278655
5856907
3406743
1831486
5129854
4283272
4202748
4958948
4395675
3633335
4222660
4327560
4544133
5067642
1618957
4616075
5099199
5416724
4723179
5325897
5636096
3329225
3821103
4183584
5560514
4181789
3040733
5494175
2759629
3590739
4532714
5858425
5712123
3337377
270049
3302141
5946268
5762965
5549592
4273020
4282128
5643995
4805129
3961877
3208342
3515338
4620004
3281242
1489930
5214464
3599938
2650591
3208043
5532580
4332717
3161280
5662620
5655938
3931696
3267522
4060171
5887937
4453270
3611073
1859980
4566202
3230393
4631431
3511948
4562579
1764008
3649350
5960495
5450266
4658539
5003992
5707653
5351968
5534217
5122106
5661713
3750766
3776379
3411720
1550608
3584097
4552663
4282314
5440538
4018592
4293505
3307993
4215531
4676931
4101294
5499864
4314848
4731919
4734818
3813126
4917725
3551224
4511304
5354681
5200867
4687242
3882495
4710971
3253336
2841147
3224655
4882797
2995234
2678276
4398332
2758835
420060
5446410
5925011
3730064
4220866
3941354
2442760
3932201
3169777
5141553
1332199
3698473
5597285
3929816
5380277
2671107
4059969
5466093
5104394
4061622
3985324
3637243
5395810
5282794
5897859
4738984
4477769
4386768
4207773
3144604
4845107
2875419
5747224
5056957
4222010
3432554
5289138
4411165
4261896
4360779
5524701
5573300
4168417
5019971
4751474
5874977
3726585
4895420
5756602
5719521
2845036
3533739
2967052
5433398
4994668
4356062
5465806
3381083
5419060
5904467
3827502
4482193
4883760
5752784
3425422
2994546
5520118
3830844
5471569
4763824
4883261
4804276
3348575
5349672
4300351
5013640
4876157
2364538
3292461
5415292
4319300
3103853
4705007
4427989
5265791
4007144
3515466
4166083
3271295
5568359
4235563
4544795
1896161
4119301
4517417
5367746
4030121
4355443
4090726
3821116
4916104
5754420
4942591
3961020
4114185
4339160
1868022
4894062
5412886
4540839
3556767
5343026
5703870
3620378
5129050
3903148
5760819
2674549
3508963
5683978
5154016
3050701
3044150
5065057
3326921
4329409
524504
3279644
5228186
4869362
2853089
5450983
2800200
5033379
2447849
4724125
3233526
4069731
5559992
5985784
5852865
4744782
2936735
5815696
4298088
4223972
5521936
4392433
2876942
3200258
3421236
3268925
3790036
5273788
5380284
5844554
4355974
3482439
5820800
4913581
4701161
2602945
5133227
3751685
3438419
3952721
3459660
3788226
3425748
5598124
3407716
3283075
3721088
4608626
4307639
2699080
4862081
4266769
4517637
2074536
3987287
4084282
5168495
3806618
3298351
3786468
3170595
4488801
4457092
3875215
4574282
5369693
5331547
4331314
4840766
5963741
3785381
4867039
5454908
5623327
3816860
5427603
4429825
3996328
4385682
5341634
5643992
2147023
5346199
3176493
2818614
4085197
3391000
3912320
4270681
4737269
3506492
4119719
4598910
3487501
3932017
5927490
4682219
5594766
3892103
2898847
3892495
5116460
2948428
5126873
4144850
3313169
3281341
3368260
5011602
3424202
3954418
4230312
3304380
4377530
5937795
3327628
5493377
5506697
5168897
4672844
4065280
3918522
3135864
5928132
4335628
4173360
3143315
4237982
4766670
5548257
4175232
4126186
5136709
3479017
3140921
4314171
4296330
5593818
4206772
5772830
4826692
4141807
4207147
4969326
4890862
4251615
5358282
4354356
5908397
4359791
4898395
4494428
5358738
2500197
5761719
5889380
4483416
4867750
3227609
5762262
3653258
3441280
2765950
4858101
2784472
2984512
4279802
4877819
3881751
3880665
5453890
4893238
5008205
4932043
5771357
4625433
2759981
3996149
5405916
3517358
5976903
5694526
3635879
5776520
2822946
2291568
3233513
5125808
5534041
3132856
3339727
4265247
3134103
2752780
4112798
4056784
5518918
4198969
3349215
4284010
4269544
3335250
5893461
3017961
5125721
554986
5413468
5432698
4881125
4686557
4673714
3822756
5689110
3916852
3835502
4834398
4914255
3066231
3775167
3556012
4368876
60007
2715417
3438438
3603112
2877680
2796659
4124476
5234109
4955417
5471294
2778511
3691930
4274965
3940644
1868720
5513842
5324269
4258079
1475428
3816862
3642659
4052786
3705347
5573922
5125190
5133075
4297089
4173506
5306110
4869417
2954378
4816246
4928948
4808857
4804512
4871204
3139306
4756047
3650238
4397550
5793008
5446739
5103151
4344586
3635645
5491162
4859374
3474173
3414768
5859768
5367005
4957966
4499954
1414018
3617313
5986505
2762857
3575357
3503752
4951371
4234788
5530334
5739798
2778406
4183968
4459874
5773988
5721363
4311106
2546382
3542441
3580622
3628802
5045904
4058264
5301992
5296807
3943081
2681019
4026398
3017527
5294435
5294576
5634755
4721471
5506593
5045523
3577773
4339981
3248601
4440276
2770415
5370803
4630885
4374075
5341660
4599047
4555162
4596416
3148260
4433997
3842969
2680972
5789697
5812048
5674649
5077078
5119439
5079608
3120180
5393542
4304200
4774750
4538741
5565373
5362536
4418140
5404516
4636656
4696773
5648411
3191394
3513028
3266205
5641458
5695311
4081799
4076897
5738975
5101386
2865639
2867787
5971365
3747414
4085217
2808793
3840008
3685599
3944283
5320771
3586143
4577526
5634356
3301259
5662512
4861095
3192699
4570722
4960805
2952311
5435062
4558893
5655345
4893099
5524909
5629940
3511173
3215881
5260131
4947329
3572221
5426232
5094122
2876855
5568719
5807031
5525241
3979125
4228518
5611398
4704299
5431359
4442156
2129145
3767244
3263860
5139733
4754570
4061186
2887201
5648980
3009979
4432080
3848942
5722122
4461907
3984416
4064756
2503659
4694650
5852701
5395856
4065461
4431324
4595235
5450344
2724496
5667629
5890227
4608292
4696975
5886394
2652457
4435702
4969982
4145491
3373522
4530210
4330076
4341337
4540789
4895399
5668004
4784207
5784025
1185549
4546110
5633234
4467620
4727651
5730627
3640161
3364603
2249589
4059551
5636088
3657667
4461648
4445854
2660282
3854508
4319071
5861900
4676364
4545275
3217852
1924504
3806550
4305224
5462369
3696265
4829247
5588958
4610775
3856598
4402481
4789479
2581757
2277487
3180783
3698010
5442667
3917884
4555141
5338176
4288428
4280732
3150311
4868208
4533227
3053227
5217809
3883318
4910973
5447816
4483448
3221066
3204557
4761605
5508614
2500257
4763545
3800406
5609346
5716426
2687939
3733184
4153084
2584124
4171519
2396624
3492023
4436815
5803937
3094245
2409966
3601258
5654157
4674925
4907713
4984916
3849694
4674443
3658388
4194359
4009639
3104134
4809001
5711682
3046916
3271555
4608345
2992187
5852772
3276927
5129592
3399388
5264222
2569033
5508798
3010035
4691672
5052963
1905915
4610088
5424452
4155290
5088157
3897023
4126761
3917191
2972641
4213554
3284878
4709816
3567118
3653044
4318496
5502308
4487203
4414381
4785405
3897937
5073301
5300803
5954168
4170550
2782153
3868679
4839625
4114003
5773205
5811944
4738038
5372064
5018291
3678501
5536130
4006506
4289223
5034497
5944439
3966825
5715878
4975837
2931380
4121491
3648394
4026558
3599792
2228375
4269816
5714973
3748549
3272014
5315239
5592353
3868309
3491019
4928400
4004388
5587697
3136370
3953439
5672307
5835461
5668634
4808872
4305536
2047288
3141615
4171887
4334515
5809709
4501118
3804653
5789491
4632359
3702085
5520264
4252671
5215647
3712263
5627563
3696875
4355923
5299497
5346512
5702778
5706318
4395706
4663570
3716952
4280366
3893439
5682702
3841356
4018698
4610922
5630558
3608590
4881703
5686687
4810948
4166382
4793173
4241936
4830153
5712637
4822094
4782022
3552315
3559346
5731010
5892275
4681902
5654031
5135478
5635946
5838916
5863413
3972107
5116111
2908852
4416300
4837818
4604314
5812876
4006208
5002172
5808274
5571493
5514953
4590893
5595267
3752632
3642008
3349167
4173437
3228981
4776972
3504298
3856388
4796446
5120251
5075282
3087029
5414231
5729670
5839221
5442201
3488813
5655920
4796524
4923578
5742508
4937273
3750435
3602032
4639684
3889827
4812817
4996097
4015540
3133979
3781572
4382580
3821124
5971505
5053082
5390629
4173331
3898429
3357231
4640056
3965881
2039813
3611071
3269087
5614960
3480944
3590543
3590825
4224669
4206289
3778304
4776406
2935390
2781775
4713759
4689520
4689777
5131536
4537543
4163237
4748830
4046846
2265739
5536558
4994121
4604289
3338089
4668172
5530572
3644688
3713669
3714520
5562134
5774613
5643294
4946267
4160145
3838646
4888027
5354029
3018908
4054662
4233044
4324478
4324609
3726903
3499334
5585595
4480825
4127855
5120636
4323432
4239746
3747459
3785973
4064768